PARÁMETROS Y ERRORES RESULTANTES DE LA REGRESIÓN:

R2: 0.535134257339116
Intercept: -78.00835922672518
Weights: [-6.53642894  0.53449062  0.69431722  0.10356198]
R2 (test): 0.5501663030736302
MAE: 7.302953257415471
RMSE: 9.475706981463432
