PARÁMETROS Y ERRORES RESULTANTES DE LA REGRESIÓN:

R2: 0.7786593694864127
Intercept: 92.12528912206946
Weights: [-4.29405965 -0.11173452  0.14515518  0.44459115]
MAE: 3.3229808203190094
MSE: 18.726085892076114
